0
0
1001
0 0.0
1 1.0
2 3.0
3 6.0
4 10.0
5 15.0
6 21.0
7 28.0
8 36.0
9 45.0
10 55.0
11 66.0
12 78.0
13 91.0
14 105.0
15 120.0
16 136.0
17 153.0
18 171.0
19 190.0
20 210.0
21 231.0
22 253.0
23 276.0
24 300.0
25 325.0
26 351.0
27 378.0
28 406.0
29 435.0
30 465.0
31 496.0
32 528.0
33 561.0
34 595.0
35 630.0
36 666.0
37 703.0
38 741.0
39 780.0
40 820.0
41 861.0
42 903.0
43 946.0
44 990.0
45 1035.0
46 1081.0
47 1128.0
48 1176.0
49 1225.0
50 1275.0
51 1326.0
52 1378.0
53 1431.0
54 1485.0
55 1540.0
56 1596.0
57 1653.0
58 1711.0
59 1770.0
60 1830.0
61 1891.0
62 1953.0
63 2016.0
64 2080.0
65 2145.0
66 2211.0
67 2278.0
68 2346.0
69 2415.0
70 2485.0
71 2556.0
72 2628.0
73 2701.0
74 2775.0
75 2850.0
76 2926.0
77 3003.0
78 3081.0
79 3160.0
80 3240.0
81 3321.0
82 3403.0
83 3486.0
84 3570.0
85 3655.0
86 3741.0
87 3828.0
88 3916.0
89 4005.0
90 4095.0
91 4186.0
92 4278.0
93 4371.0
94 4465.0
95 4560.0
96 4656.0
97 4753.0
98 4851.0
99 4950.0
100 5050.0
101 5151.0
102 5253.0
103 5356.0
104 5460.0
105 5565.0
106 5671.0
107 5778.0
108 5886.0
109 5995.0
110 6105.0
111 6216.0
112 6328.0
113 6441.0
114 6555.0
115 6670.0
116 6786.0
117 6903.0
118 7021.0
119 7140.0
120 7260.0
121 7381.0
122 7503.0
123 7626.0
124 7750.0
125 7875.0
126 8001.0
127 8128.0
128 8256.0
129 8385.0
130 8515.0
131 8646.0
132 8778.0
133 8911.0
134 9045.0
135 9180.0
136 9316.0
137 9453.0
138 9591.0
139 9730.0
140 9870.0
141 10011.0
142 10153.0
143 10296.0
144 10440.0
145 10585.0
146 10731.0
147 10878.0
148 11026.0
149 11175.0
150 11325.0
151 11476.0
152 11628.0
153 11781.0
154 11935.0
155 12090.0
156 12246.0
157 12403.0
158 12561.0
159 12720.0
160 12880.0
161 13041.0
162 13203.0
163 13366.0
164 13530.0
165 13695.0
166 13861.0
167 14028.0
168 14196.0
169 14365.0
170 14535.0
171 14706.0
172 14878.0
173 15051.0
174 15225.0
175 15400.0
176 15576.0
177 15753.0
178 15931.0
179 16110.0
180 16290.0
181 16471.0
182 16653.0
183 16836.0
184 17020.0
185 17205.0
186 17391.0
187 17578.0
188 17766.0
189 17955.0
190 18145.0
191 18336.0
192 18528.0
193 18721.0
194 18915.0
195 19110.0
196 19306.0
197 19503.0
198 19701.0
199 19900.0
200 20100.0
201 20301.0
202 20503.0
203 20706.0
204 20910.0
205 21115.0
206 21321.0
207 21528.0
208 21736.0
209 21945.0
210 22155.0
211 22366.0
212 22578.0
213 22791.0
214 23005.0
215 23220.0
216 23436.0
217 23653.0
218 23871.0
219 24090.0
220 24310.0
221 24531.0
222 24753.0
223 24976.0
224 25200.0
225 25425.0
226 25651.0
227 25878.0
228 26106.0
229 26335.0
230 26565.0
231 26796.0
232 27028.0
233 27261.0
234 27495.0
235 27730.0
236 27966.0
237 28203.0
238 28441.0
239 28680.0
240 28920.0
241 29161.0
242 29403.0
243 29646.0
244 29890.0
245 30135.0
246 30381.0
247 30628.0
248 30876.0
249 31125.0
250 31375.0
251 31626.0
252 31878.0
253 32131.0
254 32385.0
255 32640.0
256 32896.0
257 33153.0
258 33411.0
259 33670.0
260 33930.0
261 34191.0
262 34453.0
263 34716.0
264 34980.0
265 35245.0
266 35511.0
267 35778.0
268 36046.0
269 36315.0
270 36585.0
271 36856.0
272 37128.0
273 37401.0
274 37675.0
275 37950.0
276 38226.0
277 38503.0
278 38781.0
279 39060.0
280 39340.0
281 39621.0
282 39903.0
283 40186.0
284 40470.0
285 40755.0
286 41041.0
287 41328.0
288 41616.0
289 41905.0
290 42195.0
291 42486.0
292 42778.0
293 43071.0
294 43365.0
295 43660.0
296 43956.0
297 44253.0
298 44551.0
299 44850.0
300 45150.0
301 45451.0
302 45753.0
303 46056.0
304 46360.0
305 46665.0
306 46971.0
307 47278.0
308 47586.0
309 47895.0
310 48205.0
311 48516.0
312 48828.0
313 49141.0
314 49455.0
315 49770.0
316 50086.0
317 50403.0
318 50721.0
319 51040.0
320 51360.0
321 51681.0
322 52003.0
323 52326.0
324 52650.0
325 52975.0
326 53301.0
327 53628.0
328 53956.0
329 54285.0
330 54615.0
331 54946.0
332 55278.0
333 55611.0
334 55945.0
335 56280.0
336 56616.0
337 56953.0
338 57291.0
339 57630.0
340 57970.0
341 58311.0
342 58653.0
343 58996.0
344 59340.0
345 59685.0
346 60031.0
347 60378.0
348 60726.0
349 61075.0
350 61425.0
351 61776.0
352 62128.0
353 62481.0
354 62835.0
355 63190.0
356 63546.0
357 63903.0
358 64261.0
359 64620.0
360 64980.0
361 65341.0
362 65703.0
363 66066.0
364 66430.0
365 66795.0
366 67161.0
367 67528.0
368 67896.0
369 68265.0
370 68635.0
371 69006.0
372 69378.0
373 69751.0
374 70125.0
375 70500.0
376 70876.0
377 71253.0
378 71631.0
379 72010.0
380 72390.0
381 72771.0
382 73153.0
383 73536.0
384 73920.0
385 74305.0
386 74691.0
387 75078.0
388 75466.0
389 75855.0
390 76245.0
391 76636.0
392 77028.0
393 77421.0
394 77815.0
395 78210.0
396 78606.0
397 79003.0
398 79401.0
399 79800.0
400 80200.0
401 80601.0
402 81003.0
403 81406.0
404 81810.0
405 82215.0
406 82621.0
407 83028.0
408 83436.0
409 83845.0
410 84255.0
411 84666.0
412 85078.0
413 85491.0
414 85905.0
415 86320.0
416 86736.0
417 87153.0
418 87571.0
419 87990.0
420 88410.0
421 88831.0
422 89253.0
423 89676.0
424 90100.0
425 90525.0
426 90951.0
427 91378.0
428 91806.0
429 92235.0
430 92665.0
431 93096.0
432 93528.0
433 93961.0
434 94395.0
435 94830.0
436 95266.0
437 95703.0
438 96141.0
439 96580.0
440 97020.0
441 97461.0
442 97903.0
443 98346.0
444 98790.0
445 99235.0
446 99681.0
447 100128.0
448 100576.0
449 101025.0
450 101475.0
451 101926.0
452 102378.0
453 102831.0
454 103285.0
455 103740.0
456 104196.0
457 104653.0
458 105111.0
459 105570.0
460 106030.0
461 106491.0
462 106953.0
463 107416.0
464 107880.0
465 108345.0
466 108811.0
467 109278.0
468 109746.0
469 110215.0
470 110685.0
471 111156.0
472 111628.0
473 112101.0
474 112575.0
475 113050.0
476 113526.0
477 114003.0
478 114481.0
479 114960.0
480 115440.0
481 115921.0
482 116403.0
483 116886.0
484 117370.0
485 117855.0
486 118341.0
487 118828.0
488 119316.0
489 119805.0
490 120295.0
491 120786.0
492 121278.0
493 121771.0
494 122265.0
495 122760.0
496 123256.0
497 123753.0
498 124251.0
499 124750.0
500 125250.0
501 125751.0
502 126253.0
503 126756.0
504 127260.0
505 127765.0
506 128271.0
507 128778.0
508 129286.0
509 129795.0
510 130305.0
511 130816.0
512 131328.0
513 131841.0
514 132355.0
515 132870.0
516 133386.0
517 133903.0
518 134421.0
519 134940.0
520 135460.0
521 135981.0
522 136503.0
523 137026.0
524 137550.0
525 138075.0
526 138601.0
527 139128.0
528 139656.0
529 140185.0
530 140715.0
531 141246.0
532 141778.0
533 142311.0
534 142845.0
535 143380.0
536 143916.0
537 144453.0
538 144991.0
539 145530.0
540 146070.0
541 146611.0
542 147153.0
543 147696.0
544 148240.0
545 148785.0
546 149331.0
547 149878.0
548 150426.0
549 150975.0
550 151525.0
551 152076.0
552 152628.0
553 153181.0
554 153735.0
555 154290.0
556 154846.0
557 155403.0
558 155961.0
559 156520.0
560 157080.0
561 157641.0
562 158203.0
563 158766.0
564 159330.0
565 159895.0
566 160461.0
567 161028.0
568 161596.0
569 162165.0
570 162735.0
571 163306.0
572 163878.0
573 164451.0
574 165025.0
575 165600.0
576 166176.0
577 166753.0
578 167331.0
579 167910.0
580 168490.0
581 169071.0
582 169653.0
583 170236.0
584 170820.0
585 171405.0
586 171991.0
587 172578.0
588 173166.0
589 173755.0
590 174345.0
591 174936.0
592 175528.0
593 176121.0
594 176715.0
595 177310.0
596 177906.0
597 178503.0
598 179101.0
599 179700.0
600 180300.0
601 180901.0
602 181503.0
603 182106.0
604 182710.0
605 183315.0
606 183921.0
607 184528.0
608 185136.0
609 185745.0
610 186355.0
611 186966.0
612 187578.0
613 188191.0
614 188805.0
615 189420.0
616 190036.0
617 190653.0
618 191271.0
619 191890.0
620 192510.0
621 193131.0
622 193753.0
623 194376.0
624 195000.0
625 195625.0
626 196251.0
627 196878.0
628 197506.0
629 198135.0
630 198765.0
631 199396.0
632 200028.0
633 200661.0
634 201295.0
635 201930.0
636 202566.0
637 203203.0
638 203841.0
639 204480.0
640 205120.0
641 205761.0
642 206403.0
643 207046.0
644 207690.0
645 208335.0
646 208981.0
647 209628.0
648 210276.0
649 210925.0
650 211575.0
651 212226.0
652 212878.0
653 213531.0
654 214185.0
655 214840.0
656 215496.0
657 216153.0
658 216811.0
659 217470.0
660 218130.0
661 218791.0
662 219453.0
663 220116.0
664 220780.0
665 221445.0
666 222111.0
667 222778.0
668 223446.0
669 224115.0
670 224785.0
671 225456.0
672 226128.0
673 226801.0
674 227475.0
675 228150.0
676 228826.0
677 229503.0
678 230181.0
679 230860.0
680 231540.0
681 232221.0
682 232903.0
683 233586.0
684 234270.0
685 234955.0
686 235641.0
687 236328.0
688 237016.0
689 237705.0
690 238395.0
691 239086.0
692 239778.0
693 240471.0
694 241165.0
695 241860.0
696 242556.0
697 243253.0
698 243951.0
699 244650.0
700 245350.0
701 246051.0
702 246753.0
703 247456.0
704 248160.0
705 248865.0
706 249571.0
707 250278.0
708 250986.0
709 251695.0
710 252405.0
711 253116.0
712 253828.0
713 254541.0
714 255255.0
715 255970.0
716 256686.0
717 257403.0
718 258121.0
719 258840.0
720 259560.0
721 260281.0
722 261003.0
723 261726.0
724 262450.0
725 263175.0
726 263901.0
727 264628.0
728 265356.0
729 266085.0
730 266815.0
731 267546.0
732 268278.0
733 269011.0
734 269745.0
735 270480.0
736 271216.0
737 271953.0
738 272691.0
739 273430.0
740 274170.0
741 274911.0
742 275653.0
743 276396.0
744 277140.0
745 277885.0
746 278631.0
747 279378.0
748 280126.0
749 280875.0
750 281625.0
751 282376.0
752 283128.0
753 283881.0
754 284635.0
755 285390.0
756 286146.0
757 286903.0
758 287661.0
759 288420.0
760 289180.0
761 289941.0
762 290703.0
763 291466.0
764 292230.0
765 292995.0
766 293761.0
767 294528.0
768 295296.0
769 296065.0
770 296835.0
771 297606.0
772 298378.0
773 299151.0
774 299925.0
775 300700.0
776 301476.0
777 302253.0
778 303031.0
779 303810.0
780 304590.0
781 305371.0
782 306153.0
783 306936.0
784 307720.0
785 308505.0
786 309291.0
787 310078.0
788 310866.0
789 311655.0
790 312445.0
791 313236.0
792 314028.0
793 314821.0
794 315615.0
795 316410.0
796 317206.0
797 318003.0
798 318801.0
799 319600.0
800 320400.0
801 321201.0
802 322003.0
803 322806.0
804 323610.0
805 324415.0
806 325221.0
807 326028.0
808 326836.0
809 327645.0
810 328455.0
811 329266.0
812 330078.0
813 330891.0
814 331705.0
815 332520.0
816 333336.0
817 334153.0
818 334971.0
819 335790.0
820 336610.0
821 337431.0
822 338253.0
823 339076.0
824 339900.0
825 340725.0
826 341551.0
827 342378.0
828 343206.0
829 344035.0
830 344865.0
831 345696.0
832 346528.0
833 347361.0
834 348195.0
835 349030.0
836 349866.0
837 350703.0
838 351541.0
839 352380.0
840 353220.0
841 354061.0
842 354903.0
843 355746.0
844 356590.0
845 357435.0
846 358281.0
847 359128.0
848 359976.0
849 360825.0
850 361675.0
851 362526.0
852 363378.0
853 364231.0
854 365085.0
855 365940.0
856 366796.0
857 367653.0
858 368511.0
859 369370.0
860 370230.0
861 371091.0
862 371953.0
863 372816.0
864 373680.0
865 374545.0
866 375411.0
867 376278.0
868 377146.0
869 378015.0
870 378885.0
871 379756.0
872 380628.0
873 381501.0
874 382375.0
875 383250.0
876 384126.0
877 385003.0
878 385881.0
879 386760.0
880 387640.0
881 388521.0
882 389403.0
883 390286.0
884 391170.0
885 392055.0
886 392941.0
887 393828.0
888 394716.0
889 395605.0
890 396495.0
891 397386.0
892 398278.0
893 399171.0
894 400065.0
895 400960.0
896 401856.0
897 402753.0
898 403651.0
899 404550.0
900 405450.0
901 406351.0
902 407253.0
903 408156.0
904 409060.0
905 409965.0
906 410871.0
907 411778.0
908 412686.0
909 413595.0
910 414505.0
911 415416.0
912 416328.0
913 417241.0
914 418155.0
915 419070.0
916 419986.0
917 420903.0
918 421821.0
919 422740.0
920 423660.0
921 424581.0
922 425503.0
923 426426.0
924 427350.0
925 428275.0
926 429201.0
927 430128.0
928 431056.0
929 431985.0
930 432915.0
931 433846.0
932 434778.0
933 435711.0
934 436645.0
935 437580.0
936 438516.0
937 439453.0
938 440391.0
939 441330.0
940 442270.0
941 443211.0
942 444153.0
943 445096.0
944 446040.0
945 446985.0
946 447931.0
947 448878.0
948 449826.0
949 450775.0
950 451725.0
951 452676.0
952 453628.0
953 454581.0
954 455535.0
955 456490.0
956 457446.0
957 458403.0
958 459361.0
959 460320.0
960 461280.0
961 462241.0
962 463203.0
963 464166.0
964 465130.0
965 466095.0
966 467061.0
967 468028.0
968 468996.0
969 469965.0
970 470935.0
971 471906.0
972 472878.0
973 473851.0
974 474825.0
975 475800.0
976 476776.0
977 477753.0
978 478731.0
979 479710.0
980 480690.0
981 481671.0
982 482653.0
983 483636.0
984 484620.0
985 485605.0
986 486591.0
987 487578.0
988 488566.0
989 489555.0
990 490545.0
991 491536.0
992 492528.0
993 493521.0
994 494515.0
995 495510.0
996 496506.0
997 497503.0
998 498501.0
999 499500.0
1000 500500.0
