1
0
16
162.9623 0.0
6.108367457037651 2.621764084778243
8.586250156951632 -1.840867561175613
16.72018952734626 1.2468746512938893
12.923482366993753 0.5818625896258214
5.943288401602386 2.0989968997030966
0.9167082754333943 -2.9359205870260214
2.402020406824806 1.8428457515406955
3.533899999999999 -3.1415926535897696
2.4020204068248594 -1.8428457515407046
0.9167082754333331 2.9359205870260947
5.9432884016023895 -2.0989968997030735
12.923482366993744 -0.5818625896258232
16.7201895273463 -1.2468746512938926
8.586250156951598 1.8408675611756076
6.108367457037427 -2.6217640847782024
